#ra dec redshift u u_err g g_err r r_err i i_err z z_err 
# fluxes are in mJy
321.724271546579      0.598066621012548    0.234900    0.0351163   0.00240797     0.104388   0.00128226     0.308084   0.00223131     0.459592   0.00357667     0.565370    0.0106389  
333.074690103613      -9.73551338064       0.180500    0.0523519   0.00319408     0.181128   0.00170665     0.440053   0.00268839     0.629704   0.00392663     0.716125    0.0124855  
10.9171472474088      -0.863919513687468   0.584900   0.00492203  0.000865933   0.00828142  0.000415467    0.0185295  0.000625145    0.0382226  0.000929956    0.0369601   0.00309237  
12.540912127038      -0.650179379828477    0.727600    0.0164880   0.00104897    0.0227888  0.000503114    0.0380600  0.000723773    0.0421127  0.000984811     0.116346   0.00367073  
14.0905335323627      0.543261294953668   0.484000   -0.00403936  0.000647207   0.00939846  0.000383069    0.0190022  0.000567523    0.0487278  0.000977344    0.0499101   0.00289048   
20.9227566653571      0.743306927928108    0.399000   0.00615506   0.00123989    0.0170807  0.000642490    0.0327824  0.000985925    0.0819394   0.00169918    0.0937952   0.00566314  
23.5680873831089      0.237115319796635    0.555900   0.00759816  0.000946752   0.00830058  0.000372407    0.0173750  0.000569082    0.0508966  0.000970162    0.0298896   0.00333377  
29.3205056245539      -0.884636819878754   0.422300   0.00876760   0.00109288    0.0131056  0.000531681    0.0232964  0.000765990    0.0775727   0.00129397    0.0492031   0.00390114  
31.7321267288359      1.14073302163084     0.471200    0.0193064   0.00163807    0.0265698  0.000744049    0.0498798   0.00108943     0.140604   0.00189330     0.129575   0.00564442  